11 0.13729166666666667 0.1720833333333333 0.058708333333333335 0.044125
7 0.13354166666666664 0.226625 0.06629166666666667 0.0775
19 0.20529166666666668 0.20654166666666668 0.062125 0.07520833333333334
9 0.1560416666666667 0.2537083333333333 0.05454166666666667 0.03729166666666666
5 0.458125 0.516875 0.07158333333333333 0.06708333333333334
13 0.48504166666666665 0.47633333333333333 0.07233333333333333 0.05416666666666667
17 0.7587083333333333 0.7285 0.07045833333333333 0.07741666666666666
18 0.8602083333333332 0.7339166666666667 0.05570833333333333 0.060625000000000005
3 0.8520833333333333 0.7682083333333334 0.064625 0.052083333333333336
1 0.8189583333333333 0.7513333333333333 0.019458333333333334 0.04158333333333333
15 0.8253333333333334 0.7170833333333333 0.02175 0.028874999999999998