11 0.17841666666666667 0.16429166666666667 0.0765 0.07029166666666667
5 0.2927916666666667 0.16391666666666668 0.07804166666666666 0.06195833333333333
19 0.3784166666666666 0.26791666666666664 0.06741666666666667 0.06920833333333333
3 0.4388333333333333 0.5280416666666666 0.08600000000000001 0.07050000000000001
13 0.4719583333333333 0.49566666666666664 0.06516666666666666 0.0625
17 0.8085416666666667 0.6409583333333334 0.08295833333333333 0.053875
15 0.8003750000000001 0.7035 0.062875 0.08045833333333333
9 0.7645833333333333 0.778875 0.08600000000000001 0.07216666666666667
1 0.8384583333333333 0.786625 0.05945833333333333 0.0525
0 0.8372916666666667 0.7589583333333334 0.049625 0.05504166666666667
0 0.8382083333333333 0.7597083333333334 0.05695833333333333 0.058333333333333334